58 rpm:

1,0.707872
2,1.756740
3,2.798292
4,3.839512
5,4.881228
6,5.922476
7,6.963748
8,7.989836
9,9.022889
10,10.064628
11,11.121473
12,12.170981
13,13.212717
14,14.254424
15,15.296504
16,16.345676
17,17.387487
18,18.429504
19,19.479043
20,20.520935
21,21.554100
22,22.587343
23,23.629299
24,24.679676
25,25.736856
26,26.787004
27,27.837076
28,28.886320
29,29.920991
30,30.962127
31,32.011543
32,33.061614
33,34.111946
34,35.161525
35,36.211685
36,37.262020
37,38.311431
38,39.353519
39,40.395046
40,41.436241
41,42.469875
42,43.503894
43,44.544868
44,45.571399
45,46.611675
46,47.645343
47,48.662803
48,49.679958
49,50.711559
50,51.736820


460 rpm:

1,0.071572
2,0.203820
3,0.336556
4,0.468988
5,0.595988
6,0.728556
7,0.861160
8,0.993552
9,1.120456
10,1.253172
11,1.385504
12,1.512400
13,1.645032
14,1.777404
15,1.904268
16,2.036780
17,2.169328
18,2.301740
19,2.428708
20,2.561396
21,2.693716
22,2.820632
23,2.953204
24,3.085656
25,3.212432
26,3.344980
27,3.477368
28,3.604208
29,3.736660
30,3.869024
31,3.995864
32,4.128304
33,4.260708
34,4.387484
35,4.519992
36,4.652448
37,4.784756
38,4.911632
39,5.044248
40,5.176512
41,5.303420
42,5.436040
43,5.568380
44,5.695280
45,5.827908
46,5.960316
47,6.087268
48,6.219732
49,6.352264
50,6.484652



51 rpm:
1,0.668072
2,1.833252
3,3.011312
4,4.200576
5,5.385084
6,6.569508
7,7.743296
8,8.909340
9,10.078945
10,11.245228
11,12.409036
12,13.578192
13,14.769301
14,15.972292
15,17.179664
16,18.363836
17,19.538236
18,20.712755
19,21.889347
20,23.063556
21,24.232204
22,25.406703
23,26.583311
24,27.772083
25,28.949024
26,30.124191
27,31.306163
28,32.475448
29,33.642791
30,34.808910
31,35.983757
32,37.157646
33,38.326507
34,39.500736
35,40.658100
36,41.809234
37,42.959800
38,44.111442
39,45.259994
40,46.402603
41,47.551742
42,48.709419
43,49.860397
44,51.016136
45,52.174617
46,53.325160
47,54.473735
48,55.625694
49,56.790489
50,57.956680


55:
1,0.782968
2,1.906548
3,3.026456
4,4.150164
5,5.276336
6,6.399764
7,7.510832
8,8.613128
9,9.713945
10,10.821633
11,11.936596
12,13.054629
13,14.164689
14,15.272772
15,16.381496
16,17.498235
17,18.607311
18,19.714403
19,20.823812
20,21.938692
21,23.040035
22,24.143215
23,25.249364
24,26.356548
25,27.458587
26,28.565504
27,29.672496
28,30.782051
29,31.897212
30,33.005451
31,34.098953
32,35.189052
33,36.280651
34,37.364952
35,38.455791
36,39.554351
37,40.646812
38,41.737651
39,42.828895
40,43.927516
41,45.028232
42,46.127918
43,47.212764
44,48.286819
45,49.354553
46,50.435997
47,51.514480
48,52.604316
49,53.702724
50,54.797283

444:
1,0.000152
2,0.136044
3,0.271648
4,0.406816
5,0.542484
6,0.678616
7,0.814068
8,0.949432
9,1.085128
10,1.220956
11,1.356140
12,1.491504
13,1.627524
14,1.763136
15,1.898408
16,2.034208
17,2.170304
18,2.305672
19,2.441140
20,2.577184
21,2.712632
22,2.847712
23,2.983104
24,3.118760
25,3.254188
26,3.389304
27,3.524660
28,3.660308
29,3.795640
30,3.930552
31,4.065560
32,4.200792
33,4.336368
34,4.471208
35,4.605936
36,4.741104
37,4.876612
38,5.011936
39,5.147056
40,5.282048
41,5.417320
42,5.552892
43,5.688064
44,5.822900
45,5.958064
46,6.093680
47,6.228644
48,6.363508
49,6.498400
50,6.633416

446:
1,0.000152
2,0.122288
3,0.256788
4,0.391160
5,0.525592
6,0.660332
7,0.795016
8,0.929212
9,1.063552
10,1.197688
11,1.331684
12,1.465920
13,1.600032
14,1.734228
15,1.868704
16,2.003232
17,2.137580
18,2.271916
19,2.405944
20,2.540044
21,2.674292
22,2.808576
23,2.943260
24,3.077640
25,3.211936
26,3.346228
27,3.480564
28,3.614536
29,3.748588
30,3.882720
31,4.017016
32,4.151104
33,4.285412
34,4.419904
35,4.554180
36,4.688376
37,4.822424
38,4.956436
39,5.090508
40,5.224816
41,5.359056
42,5.493728
43,5.628236
44,5.762412
45,5.896504
46,6.030672
47,6.164748
48,6.299024
49,6.433312
50,6.567596

